1.1197267916
0.8759135383
1.0386994811
0.7948862272
0.0632636367
1.5268744787
0.1448394381
1.3646370268
1.2834268858
1.4462128286
1.3650026872
1.6091816015
0.7149558980
1.7721503743
0.9593176427
1.2033137261
0.9595004727
0.5530841069
1.0412591045
0.8788388226
0.8790216526
0.6352083992
1.2858036792
0.2289748634
0.7981771720
1.1235662273
0.0667374114
1.2863521701
1.2865350001
0.0671030723
0.9615116057
1.8559201392
0.7990913233
0.9618772661
0.0676515627
0.7994569842
0.9622429266
1.8566514605
1.1250288694
0.2308031659
1.2878148123
0.2309859964
1.2879976422
0.2311688268
1.4507835851
0.5565578816
1.9387757528
1.0445500493
0.4755305711
1.3699391045
0.3131102887
1.6953281598
0.6384993439
1.6955109898
0.6386821744
0.2322658081
1.6144836792
0.8828610882
0.1512384976
1.5334563682
0.3140244400
1.8588454235
0.8020166076
0.0703940170
1.1274056629
0.2331799594
1.4527947181
0.5585690147
1.7781837729
0.3961487327
1.6157634910
0.5589346751
1.7785494338
1.0469268427
0.4779073646
0.8032964193
1.1286854746
0.0718566587
1.2914714174
0.3972457140
1.6168604727
0.3974285444
1.7796464151
0.7228175997
0.8856035421
0.3165840639
1.1297824563
0.0729536405
1.1299652863
0.2357395833
1.1301481168
1.1303309472
0.2361052437
1.2931168896
0.0736849618
1.2932997200
0.0738677917
1.2934825505
0.3992568470
1.4562684929
